<TICKER>,<DTYYYYMMDD>,<OPEN>,<HIGH>,<LOW>,<CLOSE>,<VOL>
VNM,20160104,128.00,128.00,125.00,126.00,46932
VNM,20160105,126.00,127.00,125.00,125.00,28568
VNM,20160106,125.00,126.00,124.00,126.00,25076
VNM,20160107,125.00,125.00,122.00,124.00,73101
VNM,20160108,123.00,123.00,121.00,122.00,61595
VNM,20160111,121.00,123.00,121.00,121.00,40732
VNM,20160112,121.00,123.00,121.00,123.00,28807
VNM,20160113,123.00,123.00,121.00,121.00,23263
VNM,20160114,121.00,122.00,120.00,121.00,33887
VNM,20160115,122.00,123.00,120.00,120.00,49556
VNM,20160118,119.00,119.00,114.00,117.00,124412
VNM,20160119,116.00,119.00,116.00,119.00,37538
VNM,20160120,118.00,119.00,117.00,117.00,31333
VNM,20160121,116.00,118.00,115.00,116.00,33330
VNM,20160122,116.00,117.00,112.00,114.00,71653
VNM,20160125,116.00,118.00,115.00,118.00,32504
VNM,20160215,122.00,126.00,122.00,126.00,47352
VNM,20160216,128.00,129.00,127.00,128.00,62218
VNM,20160217,131.00,133.00,129.00,130.00,200329
VNM,20160218,131.00,131.00,128.00,129.00,83300
VNM,20160219,130.00,130.00,128.00,129.00,37306
VNM,20160222,129.00,131.00,128.00,130.00,76308
VNM,20160223,131.00,132.00,129.00,130.00,87331
VNM,20160224,130.00,131.00,129.00,131.00,48965
VNM,20160225,131.00,132.00,129.00,129.00,78049
VNM,20160226,130.00,130.00,128.00,130.00,53802
VNM,20160229,130.00,130.00,128.00,128.00,47619
VNM,20160301,128.00,131.00,128.00,130.00,67351
VNM,20160302,131.00,132.00,129.00,132.00,81742
VNM,20160303,132.00,133.00,131.00,131.00,43093
VNM,20160304,131.00,132.00,130.00,132.00,30987
VNM,20160307,131.00,133.00,131.00,131.00,59882
VNM,20160308,131.00,132.00,130.00,131.00,39520
VNM,20160309,131.00,132.00,130.00,131.00,16484
VNM,20160310,131.00,131.00,129.00,131.00,49489
VNM,20160311,130.00,136.00,130.00,136.00,220551
VNM,20160314,136.00,137.00,134.00,135.00,44082
VNM,20160315,135.00,138.00,134.00,136.00,87066
VNM,20160316,136.00,138.00,135.00,137.00,37607
VNM,20160317,137.00,140.00,137.00,138.00,73997
VNM,20160318,137.00,138.00,137.00,138.00,33529
VNM,20160321,137.00,139.00,135.00,135.00,53991
VNM,20160322,135.00,135.00,132.00,133.00,103624
VNM,20160323,133.00,135.00,133.00,134.00,38998
VNM,20160324,134.00,136.00,133.00,135.00,56803
VNM,20160325,134.00,135.00,132.00,134.00,59717
VNM,20160328,134.00,135.00,133.00,135.00,17706
VNM,20160330,134.00,137.00,133.00,136.00,64509
VNM,20160331,136.00,137.00,134.00,134.00,49971
VNM,20160401,134.00,136.00,133.00,134.00,78679
VNM,20160404,134.00,135.00,133.00,134.00,26066
VNM,20160405,136.00,137.00,135.00,137.00,59093
VNM,20160406,137.00,137.00,135.00,137.00,32500
VNM,20160407,137.00,142.00,136.00,141.00,212008
VNM,20160408,141.00,144.00,140.00,143.00,104787
VNM,20160411,144.00,145.00,143.00,143.00,81580
VNM,20160412,143.00,144.00,142.00,143.00,68648
VNM,20160413,143.00,145.00,142.00,142.00,68150
VNM,20160414,142.00,144.00,141.00,142.00,67107
VNM,20160415,143.00,145.00,143.00,143.00,62461
VNM,20160419,143.00,144.00,139.00,139.00,111761
VNM,20160420,139.00,140.00,135.00,136.00,169846
VNM,20160421,137.00,138.00,135.00,137.00,74878
VNM,20160422,137.00,141.00,137.00,140.00,93856
VNM,20160425,142.00,143.00,139.00,139.00,88648
VNM,20160426,139.00,140.00,139.00,140.00,60436
VNM,20160427,141.00,141.00,138.00,138.00,55743
VNM,20160428,139.00,139.00,138.00,138.00,48397
VNM,20160429,138.00,139.00,138.00,139.00,46551
VNM,20160504,140.00,143.00,139.00,142.00,83313
VNM,20160505,142.00,144.00,142.00,142.00,61597
VNM,20160506,143.00,143.00,142.00,142.00,59915
VNM,20160509,146.00,147.00,143.00,144.00,190818
VNM,20160510,143.00,144.00,142.00,143.00,35720
VNM,20160511,143.00,146.00,143.00,146.00,44479
VNM,20160512,146.00,147.00,144.00,145.00,40247
VNM,20160513,145.00,146.00,144.00,144.00,32996
VNM,20160516,144.00,147.00,144.00,146.00,65696
VNM,20160517,148.00,148.00,146.00,147.00,107890
VNM,20160518,147.00,147.00,145.00,145.00,63786
VNM,20160519,145.00,146.00,144.00,145.00,37723
VNM,20160520,146.00,147.00,145.00,146.00,39792
VNM,20160523,147.00,147.00,145.00,146.00,71529
VNM,20160524,146.00,146.00,145.00,145.00,47653
VNM,20160525,145.00,146.00,144.00,144.00,45090
VNM,20160526,144.00,144.00,141.00,141.00,96301
VNM,20160527,141.00,143.00,141.00,143.00,33254
VNM,20160530,143.00,143.00,141.00,142.00,28262
VNM,20160531,143.00,143.00,142.00,142.00,20224
VNM,20160601,141.00,142.00,140.00,141.00,62225
VNM,20160602,141.00,142.00,141.00,141.00,36559
VNM,20160603,140.00,140.00,138.00,139.00,50809
VNM,20160606,139.00,139.00,136.00,136.00,66112
VNM,20160607,136.00,137.00,135.00,137.00,43967
VNM,20160608,138.00,139.00,137.00,138.00,29256
VNM,20160609,138.00,138.00,137.00,138.00,19943
VNM,20160610,138.00,138.00,136.00,137.00,33376
VNM,20160613,136.00,137.00,135.00,137.00,28050
VNM,20160614,136.00,137.00,135.00,137.00,17559
VNM,20160615,136.00,138.00,135.00,137.00,26706
VNM,20160616,138.00,139.00,137.00,137.00,19893
VNM,20160617,137.00,138.00,136.00,137.00,20843
VNM,20160620,137.00,138.00,136.00,137.00,27692
VNM,20160621,138.00,140.00,138.00,139.00,60950
VNM,20160622,139.00,140.00,138.00,139.00,27652
VNM,20160623,138.00,141.00,138.00,140.00,114526
VNM,20160624,140.00,140.00,132.00,137.00,176489
VNM,20160628,137.00,144.00,136.00,140.00,200567
VNM,20160629,141.00,141.00,139.00,139.00,83084
VNM,20160630,140.00,142.00,140.00,141.00,68718
VNM,20160701,144.00,144.00,142.00,143.00,117146
VNM,20160704,145.00,145.00,143.00,145.00,87878
VNM,20160705,145.00,146.00,143.00,144.00,71920
VNM,20160706,144.00,144.00,142.00,143.00,40151
VNM,20160707,144.00,147.00,143.00,147.00,135581
VNM,20160708,147.00,149.00,146.00,147.00,65450
VNM,20160711,147.00,149.00,145.00,146.00,55495
VNM,20160712,146.00,147.00,144.00,147.00,64429
VNM,20160713,147.00,148.00,146.00,147.00,44473
VNM,20160714,146.00,148.00,145.00,146.00,124922
VNM,20160715,146.00,148.00,145.00,147.00,49143
VNM,20160718,148.00,151.00,147.00,150.00,108356
VNM,20160719,150.00,155.00,150.00,153.00,183823
VNM,20160720,154.00,159.00,152.00,158.00,154800
VNM,20160721,160.00,162.00,156.00,157.00,175807
VNM,20160722,158.00,159.00,152.00,156.00,209951
VNM,20160725,157.00,157.00,154.00,154.00,55163
VNM,20160726,154.00,158.00,153.00,157.00,102103
VNM,20160727,158.00,159.00,157.00,158.00,59475
VNM,20160728,158.00,161.00,158.00,160.00,131655
VNM,20160729,160.00,161.00,158.00,158.00,100495
VNM,20160801,159.00,159.00,154.00,155.00,170656
VNM,20160802,154.00,155.00,152.00,152.00,168175
VNM,20160803,153.00,155.00,152.00,154.00,66079
VNM,20160804,155.00,158.00,154.00,156.00,114236
VNM,20160805,156.00,158.00,155.00,158.00,83962
VNM,20160808,158.00,159.00,157.00,158.00,65718
VNM,20160809,159.00,163.00,159.00,162.00,190647
VNM,20160810,163.00,165.00,162.00,164.00,133911
VNM,20160811,165.00,169.00,164.00,169.00,168243
VNM,20160812,172.00,175.00,168.00,168.00,317271
VNM,20160815,168.00,170.00,167.00,169.00,114499
VNM,20160816,169.00,171.00,169.00,169.00,108653
VNM,20160817,170.00,172.00,169.00,171.00,133523
VNM,20160818,172.00,174.00,171.00,174.00,211557
VNM,20160819,145.00,147.00,142.00,143.00,352783
VNM,20160822,143.00,144.00,140.00,140.00,127622
VNM,20160823,140.00,143.00,139.00,143.00,107452
VNM,20160824,144.00,146.00,143.00,145.00,117398
VNM,20160825,145.00,146.00,143.00,145.00,60907
VNM,20160826,144.00,146.00,144.00,146.00,96136
VNM,20160829,146.00,155.00,146.00,151.00,328904
VNM,20160830,152.00,153.00,150.00,152.00,175269
VNM,20160831,153.00,156.00,153.00,156.00,210890
VNM,20160901,156.00,156.00,152.00,154.00,263010
VNM,20160905,154.00,156.00,151.00,154.00,268246
VNM,20160906,154.00,154.00,150.00,150.00,173266
VNM,20160907,149.00,149.00,143.00,146.00,416650
VNM,20160908,145.00,148.00,144.00,147.00,228790
VNM,20160909,148.00,148.00,143.00,143.00,174181
VNM,20160912,144.00,145.80,140.90,141.20,218240
VNM,20160913,141.20,145.80,139.10,144.90,242581
VNM,20160914,144.00,144.50,142.20,144.00,87580
VNM,20160915,144.10,144.60,142.50,143.00,144544
VNM,20160916,143.00,143.00,138.00,138.00,662463
VNM,20160919,140.00,140.00,135.80,136.00,302848
VNM,20160920,135.00,136.00,133.00,136.00,267617
VNM,20160921,138.00,138.90,137.00,137.80,146026
VNM,20160922,138.00,139.50,137.20,137.20,95297
VNM,20160923,136.90,140.40,136.50,140.00,171880
VNM,20160926,140.00,141.10,139.60,141.00,151805
VNM,20160927,141.00,141.40,140.00,140.00,107413
VNM,20160928,140.50,140.70,139.30,140.00,147610
VNM,20160929,140.00,140.90,139.70,140.00,207474
VNM,20160930,140.00,140.90,140.00,140.00,98915
VNM,20161003,140.90,140.90,140.20,140.50,106905
VNM,20161004,140.50,141.80,140.10,140.50,137859
VNM,20161005,141.00,141.40,140.40,140.40,82137
VNM,20161006,140.40,142.40,140.40,142.00,152636
VNM,20161007,142.00,142.60,140.60,141.60,117502
VNM,20161010,141.60,141.60,140.10,140.10,74268
VNM,20161011,140.00,141.00,137.20,140.50,200645
VNM,20161012,140.50,141.50,140.00,141.50,124319
VNM,20161013,141.10,142.50,141.10,142.00,77108
VNM,20161014,142.00,144.80,142.00,144.00,209479
VNM,20161017,143.30,144.20,142.10,142.20,71187
VNM,20161018,142.20,144.00,141.90,144.00,87732
VNM,20161019,144.00,146.50,143.10,146.00,195952
VNM,20161020,146.00,146.50,144.50,144.90,85502
VNM,20161021,145.00,145.90,144.10,144.20,58566
VNM,20161024,144.20,144.20,141.00,141.00,164561
VNM,20161025,141.00,141.80,140.50,141.00,124745
VNM,20161026,141.00,141.50,140.90,141.10,40553
VNM,20161027,141.40,142.50,141.10,142.50,37863
VNM,20161028,142.50,144.10,142.00,143.30,83345
VNM,20161031,143.00,143.60,142.00,142.00,35445
VNM,20161101,143.00,143.00,141.40,141.90,56076
VNM,20161102,141.90,142.60,141.10,141.10,80390
VNM,20161103,141.00,141.40,140.70,141.40,143862
VNM,20161104,141.40,141.90,140.50,140.90,104878
VNM,20161108,140.50,140.90,140.30,140.40,48790
VNM,20161109,140.20,140.30,136.60,140.00,273091
VNM,20161110,140.40,141.30,140.40,141.00,97099
VNM,20161111,141.00,141.20,140.50,140.50,78959
VNM,20161114,140.00,140.30,138.10,138.20,163567
VNM,20161115,138.10,139.10,137.20,137.30,193718
VNM,20161116,137.30,139.20,137.30,139.00,169432
VNM,20161118,138.10,138.50,137.20,137.20,126976
VNM,20161121,138.00,138.90,137.90,138.50,97250
VNM,20161122,138.60,140.90,138.60,140.70,124200
VNM,20161123,140.70,140.80,138.80,139.00,90377
VNM,20161124,138.90,138.90,136.50,136.70,208582
VNM,20161125,136.70,136.80,133.70,134.50,275097
VNM,20161128,134.00,134.00,128.50,129.20,312507
VNM,20161129,131.00,134.60,130.50,134.30,285765
VNM,20161130,135.00,142.00,134.00,138.00,541031
VNM,20161201,138.00,138.20,135.20,135.20,145864
VNM,20161202,135.00,136.50,134.20,135.00,169814
VNM,20161205,135.40,135.70,134.50,135.00,105984
VNM,20161206,135.00,135.00,133.80,134.00,92126
VNM,20161207,133.30,133.40,131.80,132.50,207109
VNM,20161208,135.20,136.20,134.60,135.20,278498
VNM,20161209,135.50,136.80,135.00,135.80,151233
VNM,20161212,132.50,134.30,132.50,133.70,168552
VNM,20161213,133.70,135.00,131.00,131.00,145112
VNM,20161214,131.00,132.20,130.00,130.80,119277
VNM,20161215,130.40,130.50,126.90,127.60,274083
VNM,20161216,128.00,129.90,128.00,129.90,167738
VNM,20161219,130.50,130.90,128.50,128.80,61860
VNM,20161220,128.50,128.70,124.30,124.60,302229
VNM,20161221,124.00,126.70,121.50,126.10,236369
VNM,20161222,126.10,127.00,123.10,123.10,143351
VNM,20161223,123.00,124.00,121.60,124.00,144620
VNM,20161226,124.00,124.50,122.10,122.50,62566
VNM,20161227,122.40,125.20,122.10,125.00,172832
VNM,20161228,126.00,126.80,125.00,126.00,106044
VNM,20161229,130.00,130.00,128.30,128.60,199915
VNM,20161230,128.60,128.60,125.40,125.60,106585
VNM,20170103,125.60,127.00,125.60,126.70,65237
VNM,20170104,127.50,127.60,126.80,126.90,65937
VNM,20170105,127.10,127.10,126.20,126.70,82236
VNM,20170106,126.70,127.60,126.00,126.00,137176
VNM,20170109,126.70,126.80,126.00,126.00,91130
VNM,20170110,126.00,126.50,126.00,126.10,91532
VNM,20170111,126.30,127.20,126.20,127.00,83822
VNM,20170112,127.00,127.40,126.60,127.00,47478
VNM,20170113,127.00,127.30,126.50,126.90,61260
VNM,20170116,127.00,127.10,126.40,126.50,60263
VNM,20170117,126.70,126.70,126.10,126.10,58238
VNM,20170118,126.00,126.20,125.20,126.00,85200
VNM,20170119,126.30,126.30,125.90,126.00,86279
VNM,20170120,126.00,128.30,126.00,127.00,159493
VNM,20170123,127.00,129.10,127.00,128.00,182556
VNM,20170124,129.00,129.20,128.00,128.00,93217
VNM,20170125,128.00,129.20,128.00,129.00,148591
VNM,20170202,129.50,133.40,129.00,133.00,170055
VNM,20170203,134.90,136.90,133.50,133.90,160811
VNM,20170206,134.10,134.20,132.80,133.20,133199
VNM,20170207,133.20,134.30,132.50,133.80,73871
VNM,20170208,133.80,134.40,133.50,133.90,44885
VNM,20170209,134.30,134.50,134.00,134.10,81406
VNM,20170210,134.10,134.10,133.70,133.80,209337
VNM,20170213,133.80,134.00,133.40,133.80,69428
VNM,20170214,133.80,133.90,132.70,132.90,67307
VNM,20170215,133.00,133.20,132.80,133.00,86202
VNM,20170216,133.00,133.40,131.60,132.00,66690
VNM,20170217,132.00,132.10,129.80,130.00,95352
VNM,20170220,130.00,130.60,130.00,130.00,48479
VNM,20170221,130.00,131.30,129.30,130.30,81767
VNM,20170222,130.30,131.20,130.20,130.40,59012
VNM,20170223,130.40,130.50,129.10,130.30,61325
VNM,20170224,130.00,131.90,129.50,131.90,131973
VNM,20170227,132.00,132.60,131.80,131.80,75976
VNM,20170228,131.80,131.90,130.90,131.40,76969
VNM,20170301,130.70,131.70,130.70,130.80,58718
VNM,20170302,130.80,130.80,129.70,129.70,48204
VNM,20170303,129.70,130.10,129.30,129.90,50847
VNM,20170306,129.70,131.00,129.50,130.90,73659
VNM,20170307,130.00,130.80,129.90,130.00,44470
VNM,20170308,130.00,131.60,130.00,130.60,63936
VNM,20170309,130.90,130.90,130.40,130.50,40926
VNM,20170310,130.50,130.60,129.90,129.90,42736
VNM,20170313,130.00,130.60,129.70,129.70,34248
VNM,20170314,129.80,130.90,129.80,130.70,48977
VNM,20170315,130.80,133.00,130.70,133.00,118281
VNM,20170316,133.00,134.40,133.00,134.00,90599
VNM,20170317,134.10,134.60,133.60,134.00,103552
VNM,20170320,133.20,134.80,132.40,133.90,73026
VNM,20170321,133.50,136.00,133.50,135.60,81924
VNM,20170322,135.30,138.70,135.30,136.60,147234
VNM,20170323,136.60,140.40,136.60,140.20,205179
VNM,20170324,140.80,142.00,140.70,141.70,108375
VNM,20170327,142.90,143.80,141.50,142.00,106624
VNM,20170328,142.70,143.00,139.00,140.80,102620
VNM,20170329,140.10,142.00,140.00,141.80,77363
VNM,20170330,141.80,144.00,141.80,144.00,117510
VNM,20170331,144.70,145.10,143.30,143.30,138224
VNM,20170403,143.30,144.60,143.30,144.30,80203
VNM,20170404,144.30,144.30,143.60,144.00,106399
VNM,20170405,143.50,144.00,142.50,143.40,78883
VNM,20170407,141.70,143.20,141.30,142.60,90537
VNM,20170410,142.60,142.80,141.90,142.60,60427
VNM,20170411,142.60,143.70,142.50,143.50,46540
VNM,20170412,144.00,144.40,143.40,144.00,75830
VNM,20170413,143.50,143.90,143.10,143.10,32297
VNM,20170414,142.60,143.00,140.80,141.70,62235
VNM,20170417,140.70,142.60,140.70,142.00,88417
VNM,20170418,142.10,144.60,142.00,144.40,190038
VNM,20170419,144.40,145.90,144.40,145.40,96863
VNM,20170420,145.50,145.50,144.60,144.90,42766
VNM,20170421,144.90,145.30,144.20,144.70,44537
VNM,20170424,144.20,144.70,143.50,144.00,56240
VNM,20170425,143.80,143.80,142.90,143.40,47273
VNM,20170426,143.40,143.90,142.50,143.90,27266
VNM,20170427,144.20,146.50,143.80,146.50,118566
VNM,20170428,147.00,148.60,146.70,148.00,141409
VNM,20170503,148.10,148.70,148.10,148.30,87946
VNM,20170504,147.00,149.00,146.60,148.50,99985
VNM,20170505,147.50,148.30,146.60,146.60,52440
VNM,20170508,146.60,146.70,145.10,145.90,81327
VNM,20170509,145.80,145.80,143.30,144.00,93716
VNM,20170510,143.60,145.50,143.30,144.40,64340
VNM,20170511,144.80,144.80,143.90,144.50,46595
VNM,20170515,145.00,145.30,143.40,143.90,82062
VNM,20170516,144.00,144.40,143.50,143.50,53127
VNM,20170522,147.90,150.40,147.80,150.30,121085
VNM,20170523,150.30,152.00,150.30,151.50,73018
VNM,20170524,151.50,151.90,150.00,151.50,70214
VNM,20170525,151.50,151.50,149.70,150.00,61952
VNM,20170531,150.00,152.30,149.60,149.70,132806
VNM,20170601,151.00,151.90,150.10,151.90,59718
VNM,20170607,154.50,154.60,153.00,154.00,74042
VNM,20170608,154.00,154.00,153.40,153.60,20774
VNM,20170609,153.90,154.00,153.50,153.70,32967
VNM,20170612,153.70,153.80,152.50,152.70,50572
VNM,20170613,152.60,152.60,151.60,152.30,63619
VNM,20170614,152.30,153.70,152.20,153.50,53600
VNM,20170615,153.50,154.30,153.30,153.80,41454
VNM,20170619,153.20,154.40,153.10,154.40,74053
VNM,20170620,154.40,154.40,152.70,153.00,89476
VNM,20170621,152.60,153.80,151.50,153.80,91270
VNM,20170622,153.10,153.80,152.80,152.90,24412
VNM,20170626,153.00,153.50,152.30,153.40,26745
VNM,20170627,153.40,153.70,153.30,153.50,54223
VNM,20170703,158.00,158.00,156.70,157.00,56234
VNM,20170704,156.90,156.90,156.10,156.50,32435
VNM,20170705,156.10,156.70,155.90,156.60,43855
VNM,20170710,154.20,154.70,151.20,151.70,99291
VNM,20170712,153.80,155.90,152.80,155.40,54166
VNM,20170713,157.00,157.00,156.00,156.30,50084
VNM,20170717,154.00,155.00,151.60,151.90,55333
VNM,20170718,152.00,153.00,151.00,152.00,63787
VNM,20170719,153.00,154.40,152.70,153.00,37582
VNM,20170724,151.10,152.00,150.00,151.80,70457
VNM,20170725,151.50,152.00,151.20,151.80,17517
VNM,20170726,152.00,153.70,151.90,153.00,33826
VNM,20170727,153.00,153.00,152.70,152.90,21422
VNM,20170731,153.00,153.00,152.50,152.60,68296
VNM,20170801,152.60,152.60,151.10,151.10,81158
VNM,20170802,151.10,152.50,151.10,152.40,106600
VNM,20170803,153.20,154.30,153.00,154.00,70281
VNM,20170807,154.00,154.00,153.00,153.70,38410
VNM,20170808,153.70,153.70,151.80,152.00,119760
VNM,20170809,152.00,152.00,148.40,150.00,111682
VNM,20170810,150.00,151.80,150.00,151.50,39236
VNM,20170814,150.00,150.00,149.30,149.70,92746
VNM,20170815,149.70,150.00,148.50,148.50,53715
VNM,20170816,148.20,148.20,146.10,147.50,42717
VNM,20170817,147.50,149.10,147.00,148.80,84225
VNM,20170821,149.30,149.30,148.90,148.90,24743
VNM,20170822,149.00,149.00,148.20,148.50,41841
VNM,20170823,148.40,148.50,147.80,148.50,40324
VNM,20170824,148.10,148.50,148.10,148.30,24445
VNM,20170825,148.50,148.50,148.10,148.50,27461
VNM,20170828,148.50,148.50,147.70,148.30,32328
VNM,20170829,148.00,148.30,147.40,147.50,67076
VNM,20170830,147.50,148.10,147.50,148.00,51546
VNM,20170831,148.50,150.50,148.30,148.40,59108
VNM,20170905,151.50,152.80,151.10,152.60,86014
VNM,20170906,152.40,152.40,150.70,151.00,32542
VNM,20170907,150.70,150.70,149.40,149.50,43355
VNM,20170911,149.10,149.10,148.20,148.40,66425
VNM,20170912,147.80,148.50,147.70,148.10,67644
VNM,20170913,148.20,148.20,148.00,148.20,99133
VNM,20170914,148.00,148.40,148.00,148.30,80569
VNM,20170918,147.50,150.00,147.50,149.00,55524
VNM,20170919,149.00,149.20,148.40,148.40,34307
VNM,20170920,148.40,149.20,148.00,148.90,36711
VNM,20170925,147.70,148.00,147.20,148.00,25436
VNM,20170926,148.00,148.60,147.70,148.10,33816
VNM,20171002,149.10,149.50,148.40,148.50,29711
VNM,20171003,148.60,148.60,147.70,147.90,63496
VNM,20171004,147.80,148.50,147.70,148.50,30593
VNM,20171005,148.60,149.60,148.30,149.00,46581
VNM,20171009,149.00,149.20,148.10,148.90,14601
VNM,20171010,148.20,148.80,148.20,148.50,39601
VNM,20171011,148.50,148.80,148.20,148.50,62674
VNM,20171012,148.50,148.60,148.00,148.00,39759
VNM,20171016,149.90,150.10,148.60,148.60,68178
VNM,20171017,148.60,149.20,148.50,149.10,39802
VNM,20171018,149.00,149.60,149.00,149.00,38567
VNM,20171019,149.00,149.00,148.50,148.80,38712
VNM,20171023,148.50,148.50,147.80,148.00,58948
VNM,20171024,147.90,149.00,147.60,149.00,67622
VNM,20171025,149.00,150.60,149.00,150.50,90445
VNM,20171026,150.60,151.90,150.60,151.80,97457
VNM,20171030,152.60,152.60,151.60,151.90,55751
VNM,20171031,151.90,151.90,151.00,151.00,96212
VNM,20171101,151.00,155.50,151.00,155.00,149979
VNM,20171102,155.00,157.80,154.20,155.90,111731
VNM,20171106,155.20,158.00,155.20,158.00,112009
VNM,20171107,158.00,158.50,157.00,157.80,56100
VNM,20171108,157.80,160.60,157.80,160.20,243167
VNM,20171109,160.20,163.00,159.30,162.50,205186
VNM,20171113,175.00,185.20,174.00,184.50,449514
VNM,20171114,181.00,182.20,175.00,180.00,148954
VNM,20171115,175.80,184.00,175.80,181.80,121587
VNM,20171116,181.00,184.00,180.20,183.20,63798
VNM,20171120,182.90,187.60,181.50,187.00,96483
VNM,20171121,187.00,195.70,187.00,189.00,112822
VNM,20171122,188.80,189.00,180.00,184.90,182973
VNM,20171123,184.90,189.00,182.10,184.90,66496
VNM,20171128,183.00,185.00,183.00,185.00,38045
VNM,20171129,184.00,185.40,184.00,185.00,46467
VNM,20171130,185.00,189.50,184.90,186.70,107624
VNM,20171204,196.00,205.10,196.00,203.00,141930
VNM,20171205,203.00,205.00,198.00,199.00,71007
VNM,20171206,195.00,197.00,187.20,195.00,94992
VNM,20171211,188.10,194.20,188.10,191.00,84365
VNM,20171212,193.00,194.90,190.00,194.50,75702
VNM,20171213,194.50,195.40,192.50,194.80,65289
VNM,20171214,195.50,201.00,195.00,201.00,83749
VNM,20171218,201.00,205.50,198.40,205.00,121826
VNM,20171220,201.00,204.70,200.00,202.00,55411
VNM,20171221,201.00,204.70,201.00,203.90,46712
VNM,20171225,202.10,202.80,199.80,200.00,37742
VNM,20171226,200.00,202.90,199.60,202.90,41516
VNM,20171227,204.70,205.50,204.00,205.00,75498
VNM,20171228,205.00,205.50,204.00,205.20,65297
VNM,20180103,213.50,215.00,212.10,213.90,55737
VNM,20180104,213.10,215.00,213.10,214.80,70435
VNM,20180108,213.00,213.00,208.50,210.00,67480
VNM,20180109,210.10,212.00,206.50,207.00,81059
VNM,20180110,205.20,211.00,205.20,211.00,90275
VNM,20180205,202.50,205.00,201.70,203.10,50492
VNM,20180206,192.00,202.00,189.50,197.90,148481
VNM,20180226,202.00,204.00,200.00,200.00,88962
VNM,20180227,202.00,202.00,198.00,200.00,45726
VNM,20180228,199.00,199.60,196.00,196.00,88678
VNM,20180301,196.00,199.00,196.00,196.00,73289
VNM,20180302,196.00,199.50,195.00,199.30,41278
VNM,20180305,199.80,205.00,198.50,202.40,71207
VNM,20180306,202.40,203.50,199.20,202.00,78624
VNM,20180307,201.10,210.00,201.10,206.10,198111
VNM,20180308,207.00,209.30,207.00,209.00,59241
VNM,20180309,209.00,210.60,208.00,208.00,102115
VNM,20180312,208.50,210.70,206.00,206.00,82823
VNM,20180313,206.00,211.00,206.00,210.00,126579
VNM,20180314,210.00,214.00,209.20,213.00,113318
VNM,20180315,213.00,213.00,209.80,210.20,62308
VNM,20180316,211.00,214.00,209.00,214.00,173050
VNM,20180319,214.50,214.50,210.50,212.00,80128
VNM,20180320,212.00,212.00,209.00,209.00,68473
VNM,20180321,209.00,211.10,209.00,209.00,90755
VNM,20180322,211.90,211.90,209.00,209.00,47865
VNM,20180323,206.10,208.00,205.10,207.00,68522
VNM,20180326,207.00,210.50,206.60,208.50,64350
VNM,20180327,210.00,214.70,209.00,213.00,166041
VNM,20180328,213.00,214.00,211.00,211.00,58503
VNM,20180329,211.00,211.30,207.00,207.00,75853
VNM,20180330,207.00,207.00,201.10,203.00,152969
VNM,20180402,202.50,202.90,198.50,199.70,176808
VNM,20180403,200.00,200.50,192.60,193.70,201795
VNM,20180404,193.70,200.00,193.70,200.00,99113
VNM,20180405,200.00,200.00,195.80,197.30,45271
VNM,20180406,197.20,199.70,197.00,198.20,62118
VNM,20180409,199.00,199.20,197.00,197.80,69925
VNM,20180410,197.80,197.80,195.00,197.00,109385
VNM,20180411,196.00,197.50,195.40,196.00,84697
VNM,20180412,196.50,196.80,195.40,196.30,75118
VNM,20180413,197.00,197.00,195.50,195.70,72711
VNM,20180416,195.70,195.70,190.00,190.00,65338
VNM,20180417,187.50,189.00,181.20,184.50,121753
VNM,20180418,185.00,187.50,184.30,187.50,75650
VNM,20180419,187.50,188.30,186.40,187.50,84517
VNM,20180420,187.00,187.00,185.00,186.00,73970
VNM,20180423,185.00,185.90,182.00,182.40,63694
VNM,20180424,179.00,181.00,176.10,180.00,146975
VNM,20180426,181.90,181.90,180.00,181.00,95952
VNM,20180427,182.40,189.00,182.00,185.00,99789
VNM,20180502,186.00,186.00,184.50,184.50,61923
VNM,20180503,187.00,187.00,184.00,185.00,87832
VNM,20180504,184.80,185.00,183.70,184.00,73573
VNM,20180507,185.00,190.50,184.50,190.00,77181
VNM,20180508,190.50,190.50,185.10,185.10,51423
VNM,20180509,185.00,186.00,184.00,185.00,55526
VNM,20180510,186.00,186.00,179.00,180.00,45101
VNM,20180511,180.00,181.00,177.00,178.00,100662
VNM,20180514,179.00,180.00,176.00,178.00,57500
VNM,20180515,180.00,180.50,176.00,176.00,124074
VNM,20180516,176.00,177.10,169.10,169.10,164401
VNM,20180517,169.00,169.50,165.00,165.00,102840
VNM,20180521,172.00,172.00,165.10,166.00,104249
VNM,20180522,165.00,166.00,160.00,162.00,118535
VNM,20180523,160.10,169.50,160.10,167.30,97128
VNM,20180524,169.00,169.40,166.80,168.00,80729
VNM,20180525,167.00,168.00,166.00,166.00,51286
VNM,20180528,165.00,165.50,162.00,165.00,46483
VNM,20180529,163.50,169.50,162.00,168.60,70312
VNM,20180530,168.00,168.10,165.10,165.50,49192
VNM,20180531,165.50,166.00,163.50,164.20,223171
VNM,20180601,166.00,169.20,165.50,168.20,105161
VNM,20180604,170.00,175.20,169.00,175.00,96523
VNM,20180605,175.00,179.90,173.50,177.00,87916
VNM,20180606,177.00,177.00,173.50,175.00,46372
VNM,20180607,175.80,177.90,175.70,177.30,40190
VNM,20180611,177.00,182.00,176.50,180.10,72105
VNM,20180612,179.00,181.00,178.00,181.00,87369
VNM,20180613,181.00,181.00,179.40,181.00,47247
VNM,20180614,180.10,181.00,178.70,180.00,76775
VNM,20180615,178.60,180.50,178.00,180.00,111473
VNM,20180618,178.10,179.80,172.70,172.70,35632
VNM,20180619,172.00,172.00,165.10,166.30,107655
VNM,20180620,166.00,169.80,165.80,168.80,56989
VNM,20180621,168.80,170.50,168.00,170.00,38139
VNM,20180622,168.50,178.50,168.50,178.00,112365
VNM,20180625,182.00,182.00,178.50,179.20,63732
VNM,20180626,176.50,178.00,174.00,175.90,25024
VNM,20180627,174.60,175.90,174.60,175.00,32010
VNM,20180628,174.00,174.60,169.00,170.00,74816
VNM,20180629,170.00,172.50,170.00,170.00,116471
VNM,20180702,170.00,171.00,169.00,171.00,97464
VNM,20180703,170.00,170.10,169.00,170.00,105548
VNM,20180704,170.00,170.00,167.00,167.00,85635
VNM,20180705,167.00,168.00,164.00,165.00,88069
VNM,20180706,164.00,170.00,164.00,166.00,44902
VNM,20180709,168.90,169.50,166.80,167.00,32053
VNM,20180710,167.00,168.90,167.00,167.00,70180
VNM,20180711,167.00,168.50,166.00,167.00,72962
VNM,20180712,167.00,168.80,167.00,168.30,15853
VNM,20180713,168.30,168.80,165.80,166.30,38436
VNM,20180716,167.20,168.30,165.80,168.00,55746
VNM,20180717,166.50,168.00,166.40,167.90,58842
VNM,20180718,168.00,169.00,167.50,169.00,50388
VNM,20180719,173.00,173.00,169.00,170.50,97059
VNM,20180720,170.80,170.80,169.20,169.50,62070
VNM,20180724,169.80,171.00,169.30,169.90,56612
VNM,20180725,170.00,170.40,169.90,169.90,42705
VNM,20180726,169.90,171.50,169.00,171.50,51964
VNM,20180727,171.00,171.50,168.60,168.80,29068
VNM,20180730,169.00,169.90,167.80,168.50,45318
VNM,20180731,168.00,169.00,167.00,168.20,63422
VNM,20180801,168.00,168.20,166.60,166.90,68477
VNM,20180802,166.30,166.90,161.70,165.00,159051
VNM,20180803,164.70,164.70,161.30,161.60,123251
VNM,20180806,162.00,162.00,159.50,159.90,123887
VNM,20180807,160.00,160.00,153.00,153.00,233726
VNM,20180808,152.00,156.50,152.00,155.50,126741
VNM,20180809,158.00,159.80,156.00,157.00,77021
VNM,20180810,157.00,157.80,156.00,157.20,90845
VNM,20180813,157.00,157.00,155.40,156.10,124550
VNM,20180814,159.00,159.90,157.80,158.10,99548
VNM,20180815,158.50,160.40,158.20,158.50,108105
VNM,20180816,158.00,158.60,155.60,158.60,103870
VNM,20180817,159.00,159.50,158.50,158.50,40893
VNM,20180820,159.00,161.90,158.60,160.10,129017
VNM,20180821,160.70,163.00,160.30,163.00,66424
VNM,20180822,163.80,163.90,161.90,163.00,64001
VNM,20180823,163.00,163.30,162.50,163.30,41028
VNM,20180824,163.30,163.30,162.20,162.20,45301
VNM,20180827,163.00,163.00,160.00,160.30,114116
VNM,20180828,160.10,160.20,159.00,159.30,105722
VNM,20180829,159.50,159.60,156.90,157.60,112412
VNM,20180830,157.60,157.70,155.50,156.50,89904
VNM,20180831,157.00,158.80,156.70,156.70,72611
VNM,20180904,157.80,157.80,156.60,156.70,69078
VNM,20180905,130.00,130.00,125.20,125.50,125039
VNM,20180906,125.50,126.40,122.00,122.10,123411
VNM,20180907,122.00,127.60,122.00,127.10,88213
VNM,20180910,127.50,128.40,127.30,127.60,60387
VNM,20180911,127.50,132.40,127.50,132.00,153367
VNM,20180912,133.00,134.80,132.20,132.40,134239
VNM,20180913,132.00,132.50,130.80,132.10,65517
VNM,20180914,132.10,134.00,132.10,133.00,96927
VNM,20180917,134.00,136.00,133.30,136.00,114872
VNM,20180918,136.10,138.80,135.20,138.00,131067
VNM,20180919,138.00,138.20,136.90,137.80,92963
VNM,20180920,137.20,137.30,136.00,136.00,77152
VNM,20180921,136.00,137.80,134.90,137.80,184085
VNM,20180924,137.80,137.80,136.20,137.00,63972
VNM,20180925,137.00,137.10,136.20,136.90,48015
VNM,20180926,136.90,136.90,136.30,136.50,41812
VNM,20180927,137.00,140.00,136.80,138.50,98084
VNM,20180928,138.50,138.90,137.30,137.30,52002
VNM,20181001,136.80,137.00,136.00,136.30,51482
VNM,20181002,135.00,137.60,135.00,137.00,58134
VNM,20181003,137.00,137.10,136.50,136.90,70128
VNM,20181004,136.90,137.00,135.90,136.90,30462
VNM,20181005,136.00,136.10,135.00,135.20,51918
VNM,20181008,134.10,134.70,133.00,133.00,56675
VNM,20181009,132.20,133.00,130.80,130.90,66063
VNM,20181010,130.50,130.90,129.80,130.00,63665
VNM,20181011,123.00,129.00,123.00,127.00,118236
VNM,20181012,127.00,128.70,124.60,128.50,95781
VNM,20181015,129.00,129.00,125.60,125.70,69218
VNM,20181016,126.00,126.40,125.20,126.00,98852
VNM,20181017,127.50,127.50,126.30,126.90,44429
VNM,20181018,126.90,127.00,125.90,126.00,34911
VNM,20181019,125.10,126.80,124.10,126.80,108795
VNM,20181022,126.00,126.80,125.80,125.80,31645
VNM,20181023,125.70,125.70,121.70,123.50,119722
VNM,20181024,123.50,123.50,121.90,122.60,74216
VNM,20181025,120.00,120.90,117.10,120.00,115469
VNM,20181026,121.90,122.00,120.90,121.50,64302
VNM,20181029,121.50,121.50,118.70,120.00,48881
VNM,20181030,120.00,120.00,117.30,117.30,53507
VNM,20181031,117.30,118.00,114.50,116.10,107580
VNM,20181101,117.00,117.00,111.50,114.30,172493
VNM,20181102,114.30,118.80,114.30,118.50,160110
VNM,20181105,117.10,118.10,114.90,116.50,84110
VNM,20181106,116.50,118.80,115.50,117.70,159976
VNM,20181107,117.70,120.50,117.70,119.50,133935
VNM,20181108,120.80,121.00,119.50,120.00,81589
VNM,20181109,118.00,119.20,116.90,117.00,72815
VNM,20181112,115.30,117.00,115.10,117.00,59694
VNM,20181113,115.20,116.80,114.80,116.00,48381
VNM,20181114,116.00,118.30,115.80,117.50,67426
VNM,20181115,117.50,118.00,115.00,117.00,55636
VNM,20181116,117.00,117.50,115.00,115.00,56654
VNM,20181119,116.00,116.30,114.90,115.40,73945
VNM,20181120,115.40,116.60,115.30,116.50,71509
VNM,20181121,116.00,119.20,115.70,119.20,111354
VNM,20181122,119.20,120.30,119.20,120.10,93388
VNM,20181123,119.90,119.90,117.50,118.00,41693
VNM,20181126,118.20,123.40,118.00,123.10,181758
VNM,20181127,124.50,127.50,123.20,126.50,188272
VNM,20181128,126.00,129.00,126.00,128.00,133074
VNM,20181129,128.50,128.50,126.30,126.30,97082
VNM,20181130,126.00,128.50,126.00,128.00,141759
VNM,20181203,128.00,134.00,128.00,133.60,128231
VNM,20181204,134.00,136.50,133.60,136.50,100180
VNM,20181205,134.50,135.20,132.10,133.00,110716
VNM,20181206,132.00,132.80,129.90,131.70,108936
VNM,20181207,132.10,134.60,132.10,133.90,50983
VNM,20181210,133.90,136.50,133.50,135.00,100381
VNM,20181211,134.80,135.50,133.50,134.80,44306
VNM,20181212,134.10,134.90,133.00,134.00,78244
VNM,20181213,134.00,136.00,134.00,135.00,64311
VNM,20181214,135.00,135.40,134.40,135.00,26017
VNM,20181217,135.00,135.00,133.90,133.90,104302
VNM,20181218,130.50,132.00,130.50,131.70,81185
VNM,20181219,131.10,131.50,129.00,129.10,48409
VNM,20181220,129.00,129.00,126.20,126.20,53971
VNM,20181221,124.60,125.00,122.10,122.50,190157
VNM,20181224,123.00,126.50,123.00,125.60,45923
VNM,20181225,124.20,124.70,123.00,124.60,34961
VNM,20181226,124.60,124.60,122.50,124.00,67052
VNM,20181227,124.00,125.90,123.20,123.20,77261
VNM,20181228,124.00,125.20,120.00,120.00,101358
VNM,20190102,121.50,124.00,121.00,124.00,40357
VNM,20190103,124.00,124.00,121.60,122.90,44973
VNM,20190104,122.50,125.00,121.00,125.00,49847
VNM,20190107,127.70,131.00,125.50,131.00,89743
VNM,20190108,131.40,131.40,128.70,130.00,44835
VNM,20190109,130.00,132.50,129.00,131.90,63605
VNM,20190110,131.90,132.00,130.90,131.70,30170
VNM,20190111,131.70,134.00,131.70,134.00,95411
VNM,20190114,133.00,135.00,132.90,135.00,61142
VNM,20190115,135.00,135.20,134.00,134.90,59851
VNM,20190116,134.00,134.70,132.00,133.00,56222
VNM,20190117,133.00,133.40,131.60,132.20,51487
VNM,20190118,133.00,134.90,133.00,134.00,54560
VNM,20190121,134.10,134.10,132.30,133.80,27938
VNM,20190122,134.20,135.00,133.00,134.00,39904
VNM,20190123,134.90,135.00,133.80,134.50,102865
VNM,20190124,135.00,135.50,134.30,135.50,107760
VNM,20190125,136.00,136.30,135.60,135.90,81381
VNM,20190128,136.50,136.60,135.90,136.50,48765
VNM,20190129,137.00,137.00,135.50,136.50,37101
VNM,20190130,136.60,136.60,135.50,135.50,27928
VNM,20190131,136.50,136.50,133.50,135.00,81229
VNM,20190201,135.80,135.80,133.00,135.00,73143
VNM,20190211,135.00,137.90,134.90,137.00,135721
VNM,20190212,138.00,138.20,137.00,138.00,95744
VNM,20190213,138.00,138.40,136.20,138.30,76448
VNM,20190214,138.30,140.30,138.00,139.40,134109
VNM,20190215,140.00,140.30,139.50,140.20,91016
VNM,20190218,140.40,142.50,140.30,142.00,108265
VNM,20190219,143.00,143.30,142.40,142.60,197420
VNM,20190220,143.00,143.50,142.80,143.00,98346
VNM,20190221,143.50,149.10,143.00,148.50,185926
VNM,20190222,149.00,149.50,148.30,148.90,81432
VNM,20190225,149.00,152.60,148.70,151.60,121104
VNM,20190226,150.00,152.00,145.00,146.10,80681
VNM,20190227,146.30,150.00,146.30,147.70,48461
VNM,20190228,148.50,148.50,141.10,141.10,97645
VNM,20190301,143.90,143.90,141.40,141.40,86872
VNM,20190304,141.50,143.90,141.50,142.90,87676
VNM,20190305,142.50,142.80,141.60,142.00,53251
VNM,20190306,142.00,142.80,138.50,141.00,71125
VNM,20190307,141.30,142.00,139.50,139.70,70800
VNM,20190308,139.00,139.50,135.60,137.00,98086
VNM,20190311,136.50,138.90,136.50,137.60,42310
VNM,20190312,138.00,139.50,138.00,139.00,56036
VNM,20190313,139.50,140.10,138.20,138.30,61601
VNM,20190314,139.00,139.00,136.70,137.50,88620
VNM,20190315,137.20,138.00,136.50,137.00,125405
VNM,20190318,138.00,138.60,137.50,138.00,91069
VNM,20190319,138.00,138.00,136.60,136.90,93623
VNM,20190320,136.50,138.50,135.20,138.50,126986
VNM,20190321,139.00,139.90,136.00,136.00,88548
VNM,20190322,136.00,137.00,135.50,136.50,52657
VNM,20190325,134.70,136.50,134.60,136.50,58258
VNM,20190326,136.50,137.40,136.00,136.50,68447
VNM,20190327,136.60,137.20,136.30,136.50,68200
VNM,20190328,136.40,136.50,135.20,135.20,81677
VNM,20190329,135.20,136.50,134.80,134.80,135740
VNM,20190401,135.50,138.60,135.00,138.60,79672
VNM,20190402,139.90,139.90,137.30,139.00,123334
VNM,20190403,139.00,139.00,137.60,138.50,68397
VNM,20190404,138.40,139.80,138.00,138.00,46973
VNM,20190405,138.00,138.00,136.30,136.30,101770
VNM,20190408,137.40,137.70,136.50,137.20,54619
VNM,20190409,137.90,137.90,135.00,135.40,114804
VNM,20190410,135.00,136.50,135.00,135.30,87311
VNM,20190411,135.30,136.20,135.30,135.60,38385
VNM,20190412,135.60,136.10,134.90,135.70,68452
VNM,20190416,135.00,136.40,135.00,136.00,51414
VNM,20190417,136.40,136.90,134.90,135.00,86426
VNM,20190418,135.00,135.50,134.90,135.20,60124
VNM,20190419,135.50,135.60,132.50,133.00,59929
VNM,20190422,131.00,132.00,129.20,129.60,141729
VNM,20190423,128.10,129.50,126.70,127.00,97495
VNM,20190424,127.80,129.50,127.40,129.50,48249
VNM,20190425,129.60,129.70,128.30,129.50,41433
VNM,20190426,129.80,130.30,129.30,129.80,56524
VNM,20190502,130.00,131.10,129.70,130.00,73699
VNM,20190503,131.00,131.00,129.90,131.00,48639
VNM,20190506,130.30,130.30,128.00,129.10,36891
VNM,20190507,129.90,130.00,129.20,129.50,72347
VNM,20190508,128.10,129.10,128.00,128.00,62883
VNM,20190509,128.50,129.10,128.00,128.20,28768
VNM,20190510,128.50,130.10,128.50,130.10,36669
VNM,20190513,129.80,133.90,129.80,133.90,97403
VNM,20190514,132.20,136.40,132.20,135.50,109791
VNM,20190515,135.50,136.40,134.40,135.60,35585
VNM,20190516,135.30,136.40,135.00,136.40,70213
VNM,20190517,136.50,136.50,135.50,135.60,43538
VNM,20190520,135.00,137.60,134.70,137.50,45090
VNM,20190521,137.00,137.00,133.50,133.50,76231
VNM,20190522,134.00,135.00,131.90,132.10,61937
VNM,20190523,131.20,133.00,131.20,132.10,42929
VNM,20190524,131.00,133.50,130.40,130.50,76515
VNM,20190527,131.00,134.00,129.90,134.00,32006
VNM,20190528,134.00,134.50,131.70,132.00,60879
VNM,20190529,132.40,133.70,131.80,132.90,27173
VNM,20190530,132.80,133.00,131.50,131.50,54271
VNM,20190531,131.40,131.80,129.50,129.50,71139
VNM,20190603,129.50,130.10,127.10,128.00,71799
VNM,20190604,128.50,129.00,128.00,128.60,47265
VNM,20190605,128.60,129.20,127.00,127.50,35878
VNM,20190606,127.50,127.80,125.90,126.50,54865
VNM,20190607,126.30,127.40,126.30,126.60,36203
VNM,20190610,127.00,127.80,125.90,126.90,56126
VNM,20190611,127.00,127.00,125.40,125.50,56540
VNM,20190612,125.20,125.80,125.10,125.20,69988
VNM,20190613,125.20,125.20,122.80,123.20,112531
VNM,20190614,123.00,124.20,122.90,123.70,66588
VNM,20190617,123.70,123.80,122.80,123.70,63273
VNM,20190618,123.00,123.70,123.00,123.00,103907
VNM,20190619,123.00,123.70,123.00,123.40,92969
VNM,20190620,123.00,123.70,123.00,123.40,92969
VNM,20190624,125.90,125.90,123.10,123.10,61509
VNM,20190625,123.10,124.20,123.10,123.40,70489
VNM,20190626,123.10,123.90,123.00,123.50,49773
VNM,20190627,123.50,123.80,122.90,123.10,80216
VNM,20190628,123.00,123.20,121.50,123.00,91997
VNM,20190701,123.00,125.10,123.00,125.00,99144
VNM,20190702,125.00,126.10,124.60,125.10,71681
VNM,20190703,125.20,126.30,124.80,126.00,65787
VNM,20190704,126.20,126.60,126.10,126.20,61387
VNM,20190705,126.20,126.60,125.70,126.20,52029
VNM,20190708,125.70,125.70,124.00,124.20,96908
VNM,20190709,124.20,125.00,123.60,125.00,95144
VNM,20190710,125.00,125.50,124.80,125.00,42094
VNM,20190711,125.50,125.50,125.00,125.20,27720
VNM,20190712,125.20,125.30,124.00,124.00,37073
VNM,20190715,123.90,124.00,123.20,123.20,70332
VNM,20190716,123.80,124.20,123.50,124.00,51254
VNM,20190717,124.00,125.90,123.90,125.40,96517
VNM,20190718,125.00,125.40,124.50,124.60,70772
VNM,20190719,124.60,127.10,124.60,126.90,138123
VNM,20190722,126.50,126.50,125.50,125.50,72198
VNM,20190723,125.50,125.60,124.80,125.40,76455
VNM,20190724,126.00,126.90,125.20,125.60,59380
VNM,20190725,125.00,125.50,125.00,125.10,68603
VNM,20190729,124.10,124.40,123.00,123.50,109584
VNM,20190730,125.00,125.60,123.50,123.50,92150
VNM,20190731,123.50,124.00,122.90,123.20,81615
VNM,20190801,123.50,124.50,123.20,124.20,50279
VNM,20190802,123.50,124.20,123.30,124.00,47151
VNM,20190805,123.50,124.40,122.00,122.00,88275
VNM,20190806,121.00,121.00,119.20,120.20,93850
VNM,20190807,120.20,121.80,120.20,121.00,73178
VNM,20190808,121.00,121.60,120.20,120.90,57064
VNM,20190809,120.90,121.70,120.80,121.00,72615
VNM,20190812,121.00,121.00,120.40,120.60,44233
VNM,20190813,120.00,120.20,118.00,118.00,117878
VNM,20190814,119.20,119.90,118.70,118.70,67736
VNM,20190815,117.30,122.00,117.30,122.00,67312
VNM,20190816,121.00,125.70,120.50,124.10,107427
VNM,20190819,124.50,125.20,124.40,124.90,75821
VNM,20190820,124.90,124.90,124.10,124.40,78702
VNM,20190821,124.00,124.30,123.50,123.90,58086
VNM,20190822,123.90,124.30,123.80,124.00,52561
VNM,20190823,124.10,124.20,123.00,123.00,62183
VNM,20190826,122.00,122.20,120.20,120.50,83987
VNM,20190827,121.50,121.80,119.00,119.00,94313
VNM,20190828,120.00,120.10,119.20,119.40,52170
VNM,20190829,120.00,123.00,119.80,123.00,56153
VNM,20190830,123.00,124.20,122.70,123.00,79709
VNM,20190903,123.00,124.30,123.00,124.00,74484
VNM,20190904,124.00,124.00,122.60,123.80,40580
VNM,20190905,124.20,124.20,122.00,122.00,58718
VNM,20190906,122.00,123.10,122.00,122.80,31598
VNM,20190909,123.00,124.50,122.50,124.50,49885
VNM,20190910,124.30,124.30,123.30,123.70,64789
VNM,20190911,123.80,124.00,122.10,122.10,40141
VNM,20190912,122.50,123.30,121.40,122.00,60087
VNM,20190913,122.20,122.50,121.50,122.10,50353
VNM,20190916,121.50,121.50,120.10,121.50,60471
VNM,20190917,121.50,123.00,120.70,122.50,48257
VNM,20190918,122.00,123.90,121.70,123.70,97294
VNM,20190919,123.50,123.90,122.50,123.60,72570
VNM,20190920,123.70,123.70,122.10,122.10,162335
VNM,20190923,123.00,125.10,122.70,124.60,150089
VNM,20190924,124.50,127.60,124.30,126.90,134045
VNM,20190925,126.30,126.90,125.50,126.40,61763
VNM,20190926,127.10,130.10,126.50,130.00,161356
VNM,20190927,130.00,131.10,129.40,130.10,118353
VNM,20190930,130.10,130.70,129.40,129.70,88549
VNM,20191001,129.50,129.70,127.70,128.00,120738
VNM,20191002,127.50,127.80,126.20,127.00,207022
VNM,20191003,126.00,129.00,125.50,129.00,82531
VNM,20191004,129.10,130.90,128.50,128.60,64154
VNM,20191007,128.40,130.00,128.20,129.10,83368
VNM,20191008,128.60,129.30,128.60,129.00,53744
VNM,20191009,128.80,128.80,126.80,127.00,66315
VNM,20191010,126.70,128.50,126.70,127.00,44215
VNM,20191011,127.00,128.00,126.90,128.00,63131
VNM,20191014,129.00,129.00,127.90,128.60,58604
